%año         Mes      Dia      Hora     Cont    T1mx     T1mn  
 2011.00     3.00    19.00     7.00     0.00    30.09    21.22
 2011.00     3.00    20.00     7.00     1.00    27.95    21.15
 2011.00     3.00    21.00     7.00     2.00     9.35    19.79
 2011.00     3.00    22.00     7.00     3.00    28.67    20.98
 2011.00     3.00    23.00     7.00     4.00    28.94    21.63
 2011.00     3.00    24.00     7.00     5.00    29.29    21.60
 2011.00     3.00    25.00     7.00     6.00    29.01    21.50
 2011.00     3.00    26.00     7.00     7.00    29.39    21.67
 2011.00     3.00    27.00     7.00     8.00    30.07    22.38
 2011.00     3.00    28.00     7.00     9.00    30.24    22.56
 2011.00     3.00    29.00     7.00    10.00    30.52    22.93
 2011.00     3.00    30.00     7.00    11.00    29.70    22.52
 2011.00     3.00    31.00     7.00    12.00    29.94    22.80
 2011.00     4.00     1.00     7.00    13.00    29.66    21.74
 2011.00     4.00     2.00     7.00    14.00    29.83    20.34
 2011.00     4.00     3.00     7.00    15.00    29.80    21.09
 2011.00     4.00     4.00     7.00    16.00    29.94    21.47
 2011.00     4.00     5.00     7.00    17.00    29.70    22.63
 2011.00     4.00     6.00     7.00    18.00    28.09    22.39
 2011.00     4.00     7.00     7.00    19.00    29.56    21.98
 2011.00     4.00     8.00     7.00    20.00    25.60    21.67
 2011.00     4.00     9.00     7.00    21.00    30.55    22.43
 2011.00     4.00    10.00     7.00    22.00    27.99    22.63
 2011.00     4.00    11.00     7.00    23.00    28.94    21.84
 2011.00     4.00    12.00     7.00    24.00    29.35    22.08
 2011.00     4.00    13.00     7.00    25.00    29.83    20.34
 2011.00     4.00    14.00     7.00    26.00    29.15    19.52
 2011.00     4.00    15.00     7.00    27.00    29.35    20.68
 2011.00     4.00    16.00     7.00    28.00    29.32    22.25
 2011.00     4.00    17.00     7.00    29.00    29.63    22.46
 2011.00     4.00    18.00     7.00    30.00    26.45    20.95
 2011.00     4.00    19.00     7.00    31.00    29.25    21.43
 2011.00     4.00    20.00     7.00    32.00    29.29    20.51
 2011.00     4.00    21.00     7.00    33.00    29.18    21.91
 2011.00     4.00    22.00     7.00    34.00    29.49    22.52
 2011.00     4.00    23.00     7.00    35.00    30.04    22.08
 2011.00     4.00    24.00     7.00    36.00    29.46    22.76
 2011.00     4.00    25.00     7.00    37.00    29.73    21.78
 2011.00     4.00    26.00     7.00    38.00    29.94    21.44
 2011.00     4.00    27.00     7.00    39.00    30.59    23.86
 2011.00     4.00    28.00     7.00    40.00    29.53    23.07
 2011.00     4.00    29.00     7.00    41.00    29.63    22.60
 2011.00     4.00    30.00     7.00    42.00    30.42    22.05
 2011.00     5.00     1.00     7.00    43.00    30.28    20.55
 2011.00     5.00     2.00     7.00    44.00    29.05    22.29
 2011.00     5.00     3.00     7.00    45.00    30.42    21.34
 2011.00     5.00     4.00     7.00    46.00    30.11    23.42
 2011.00     5.00     5.00     7.00    47.00    30.04    23.04
 2011.00     5.00     6.00     7.00    48.00    27.38    23.25
 2011.00     5.00     7.00     7.00    49.00    29.70    22.36
 2011.00     5.00     8.00     7.00    50.00    30.00    23.52
 2011.00     5.00     9.00     7.00    51.00    28.88    23.55
 2011.00     5.00    10.00     7.00    52.00    28.74    23.35
 2011.00     5.00    11.00     7.00    53.00    29.70    22.84
 2011.00     5.00    12.00     7.00    54.00    28.84    22.87
 2011.00     5.00    13.00     7.00    55.00    30.41    22.84
 2011.00     5.00    14.00     7.00    56.00    30.82    22.70
 2011.00     5.00    15.00     7.00    57.00    30.15    22.53
 2011.00     5.00    16.00     7.00    58.00    30.38    23.42
 2011.00     5.00    17.00     7.00    59.00    30.46    20.28
 2011.00     5.00    18.00     7.00    60.00    29.94    21.23
 2011.00     5.00    19.00     7.00    61.00    30.39    21.17
 2011.00     5.00    20.00     7.00    62.00    30.29    22.16
 2011.00     5.00    21.00     7.00    63.00    30.53    23.08
 2011.00     5.00    22.00     7.00    64.00    30.43    23.42
 2011.00     5.00    23.00     7.00    65.00    30.16    22.02
 2011.00     5.00    24.00     7.00    66.00    30.16    23.49
 2011.00     5.00    25.00     7.00    67.00    30.81    22.16
 2011.00     5.00    26.00     7.00    68.00    30.67    22.33
 2011.00     5.00    27.00     7.00    69.00    30.64    22.85
 2011.00     5.00    28.00     7.00    70.00    31.05    23.91
 2011.00     5.00    29.00     7.00    71.00    31.97    22.85
 2011.00     5.00    30.00     7.00    72.00    31.39    23.26
 2011.00     5.00    31.00     7.00    73.00    30.95    23.60
 2011.00     6.00     1.00     7.00    74.00    30.57    24.11
 2011.00     6.00     2.00     7.00    75.00    30.47    23.80
 2011.00     6.00     3.00     7.00    76.00    31.46    22.37
 2011.00     6.00     4.00     7.00    77.00    31.60    23.43
 2011.00     6.00     5.00     7.00    78.00    31.43    23.05
 2011.00     6.00     6.00     7.00    79.00    32.11    22.51
 2011.00     6.00     7.00     7.00    80.00    30.95    22.27
 2011.00     6.00     8.00     7.00    81.00    31.50    24.05
 2011.00     6.00     9.00     7.00    82.00    31.43    24.46
 2011.00     6.00    10.00     7.00    83.00    31.80    23.84
 2011.00     6.00    11.00     7.00    84.00    31.36    23.26
 2011.00     6.00    12.00     7.00    85.00    31.46    23.70
 2011.00     6.00    13.00     7.00    86.00    29.89    23.88
 2011.00     6.00    14.00     7.00    87.00    28.11    22.99
 2011.00     6.00    15.00     7.00    88.00    31.74    24.05
 2011.00     6.00    16.00     7.00    89.00    28.90    22.92
 2011.00     6.00    17.00     7.00    90.00    30.98    22.51
 2011.00     6.00    18.00     7.00    91.00    30.71    22.65
 2011.00     6.00    19.00     7.00    92.00    30.44    22.75
 2011.00     6.00    20.00     7.00    93.00    30.06    23.57
 2011.00     6.00    21.00     7.00    94.00    31.16    23.43
 2011.00     6.00    22.00     7.00    95.00    30.75    23.47
 2011.00     6.00    23.00     7.00    96.00    31.33    23.12
 2011.00     6.00    24.00     7.00    97.00    30.16    22.85
 2011.00     6.00    25.00     7.00    98.00    31.26    22.58
 2011.00     6.00    26.00     7.00    99.00    29.86    23.06
 2011.00     6.00    27.00     7.00   100.00    30.47    22.68
 2011.00     6.00    28.00     7.00   101.00    29.99    23.64
 2011.00     6.00    29.00     7.00   102.00    30.13    23.74
 2011.00     6.00    30.00     7.00   103.00    31.26    23.29
 2011.00     7.00     1.00     7.00   104.00    30.47    22.75
 2011.00     7.00     2.00     7.00   105.00    29.34    21.89
 2011.00     7.00     3.00     7.00   106.00    29.69    21.48
 2011.00     7.00     4.00     7.00   107.00    29.62    22.58
 2011.00     7.00     5.00     7.00   108.00    30.37    23.09
 2011.00     7.00     6.00     7.00   109.00    30.98    22.68
 2011.00     7.00     7.00     7.00   110.00    31.12    23.09
 2011.00     7.00     8.00     7.00   111.00    30.75    22.88
 2011.00     7.00     9.00     7.00   112.00    30.68    23.23
 2011.00     7.00    10.00     7.00   113.00    30.88    23.26
 2011.00     7.00    11.00     7.00   114.00    28.73    23.67
 2011.00     7.00    12.00     7.00   115.00    29.79    22.06
 2011.00     7.00    13.00     7.00   116.00    30.64    22.65
 2011.00     7.00    14.00     7.00   117.00    28.25    22.34
 2011.00     7.00    15.00     7.00   118.00    28.22    22.54
 2011.00     7.00    16.00     7.00   119.00    28.42    22.51
 2011.00     7.00    17.00     7.00   120.00    28.87    23.57
 2011.00     7.00    18.00     7.00   121.00    30.37    23.12
 2011.00     7.00    19.00     7.00   122.00    30.75    21.52
 2011.00     7.00    20.00     7.00   123.00    29.99    22.41
 2011.00     7.00    21.00     7.00   124.00    30.13    23.70
 2011.00     7.00    22.00     7.00   125.00    29.75    23.57
 2011.00     7.00    23.00     7.00   126.00    28.28    23.43
 2011.00     7.00    24.00     7.00   127.00    27.57    21.72
 2011.00     7.00    25.00     7.00   128.00    29.28    23.02
 2011.00     7.00    26.00     7.00   129.00    28.63    22.00
 2011.00     7.00    27.00     7.00   130.00    29.34    22.47
 2011.00     7.00    28.00     7.00   131.00    30.23    22.54
 2011.00     7.00    29.00     7.00   132.00    30.98    23.12
 2011.00     7.00    30.00     7.00   133.00    26.99    21.93
 2011.00     7.00    31.00     7.00   134.00    29.65    22.41
 2011.00     8.00     1.00     7.00   135.00    28.87    22.51
 2011.00     8.00     2.00     7.00   136.00    30.13    22.47
 2011.00     8.00     3.00     7.00   137.00    29.79    22.30
 2011.00     8.00     4.00     7.00   138.00    29.17    22.65
 2011.00     8.00     5.00     7.00   139.00    30.23    22.78
 2011.00     8.00     6.00     7.00   140.00    31.05    23.23
 2011.00     8.00     7.00     7.00   141.00    31.29    22.82
 2011.00     8.00     8.00     7.00   142.00    31.16    23.29
 2011.00     8.00     9.00     7.00   143.00    31.09    22.61
 2011.00     8.00    10.00     7.00   144.00    31.16    24.29
 2011.00     8.00    11.00     7.00   145.00    30.23    22.44
 2011.00     8.00    12.00     7.00   146.00    29.45    22.03
 2011.00     8.00    13.00     7.00   147.00    30.40    22.37
 2011.00     8.00    14.00     7.00   148.00    30.20    21.83
 2011.00     8.00    15.00     7.00   149.00    31.70    22.34
 2011.00     8.00    16.00     7.00   150.00    31.19    21.72
 2011.00     8.00    17.00     7.00   151.00    30.13    22.10
 2011.00     8.00    18.00     7.00   152.00    30.10    22.61
 2011.00     8.00    19.00     7.00   153.00    31.50    22.58
 2011.00     8.00    20.00     7.00   154.00    31.22    23.09
 2011.00     8.00    21.00     7.00   155.00    31.36    22.17
 2011.00     8.00    22.00     7.00   156.00    31.22    22.78
 2011.00     8.00    23.00     7.00   157.00    31.05    22.58
 2011.00     8.00    24.00     7.00   158.00    30.85    22.68
 2011.00     8.00    25.00     7.00   159.00    31.74    22.17
 2011.00     8.00    26.00     7.00   160.00    30.33    22.47
 2011.00     8.00    27.00     7.00   161.00    32.35    22.88
 2011.00     8.00    28.00     7.00   162.00    32.21    22.75
 2011.00     8.00    29.00     7.00   163.00    31.36    22.41
 2011.00     8.00    30.00     7.00   164.00    31.43    23.09
 2011.00     8.00    31.00     7.00   165.00    31.22    22.82
 2011.00     9.00     1.00     7.00   166.00    31.33    23.23
 2011.00     9.00     2.00     7.00   167.00    32.11    21.25
 2011.00     9.00     3.00     7.00   168.00    32.28    22.34
 2011.00     9.00     4.00     7.00   169.00    30.68    22.34
 2011.00     9.00     5.00     7.00   170.00    30.78    22.06
 2011.00     9.00     6.00     7.00   171.00    31.16    21.93
 2011.00     9.00     7.00     7.00   172.00    31.22    22.85
 2011.00     9.00     8.00     7.00   173.00    31.60    23.64
 2011.00     9.00     9.00     7.00   174.00    29.69    22.17
 2011.00     9.00    10.00     7.00   175.00    31.02    23.57
 2011.00     9.00    11.00     7.00   176.00    32.21    22.48
 2011.00     9.00    12.00     7.00   177.00    27.40    22.61
 2011.00     9.00    13.00     7.00   178.00    30.54    23.12
 2011.00     9.00    14.00     7.00   179.00    31.02    22.41
 2011.00     9.00    15.00     7.00   180.00    30.78    22.24
 2011.00     9.00    16.00     7.00   181.00    30.44    21.83
 2011.00     9.00    17.00     7.00   182.00    31.09    22.58
 2011.00     9.00    18.00     7.00   183.00    28.22    22.20
 2011.00     9.00    19.00     7.00   184.00    30.85    22.82
 2011.00     9.00    20.00     7.00   185.00    28.63    21.79
 2011.00     9.00    21.00     7.00   186.00    30.37    21.76
 2011.00     9.00    22.00     7.00   187.00    29.31    22.47
 2011.00     9.00    23.00     7.00   188.00    30.95    22.24
 2011.00     9.00    24.00     7.00   189.00    33.62    23.70
 2011.00     9.00    25.00     7.00   190.00    31.60    23.50
 2011.00     9.00    26.00     7.00   191.00    31.26    23.23
 2011.00     9.00    27.00     7.00   192.00    31.33    21.73
 2011.00     9.00    28.00     7.00   193.00    30.23    22.95
 2011.00     9.00    29.00     7.00   194.00    31.05    22.99
 2011.00     9.00    30.00     7.00   195.00    31.43    23.02
 2011.00    10.00     1.00     7.00   196.00    31.43    22.48
 2011.00    10.00     2.00     7.00   197.00    31.19    22.55
 2011.00    10.00     3.00     7.00   198.00    32.59    23.12
 2011.00    10.00     4.00     7.00   199.00    30.54    22.78
 2011.00    10.00     5.00     7.00   200.00    29.31    21.79
 2011.00    10.00     6.00     7.00   201.00    30.92    22.20
 2011.00    10.00     7.00     7.00   202.00    29.41    22.34
 2011.00    10.00     8.00     7.00   203.00    31.67    23.53
 2011.00    10.00     9.00     7.00   204.00    31.63    22.13
 2011.00    10.00    10.00     7.00   205.00    32.32    22.71
 2011.00    10.00    11.00     7.00   206.00    30.71    21.15
 2011.00    10.00    12.00     7.00   207.00    30.54    21.49
 2011.00    10.00    13.00     7.00   208.00    30.71    21.38
 2011.00    10.00    14.00     7.00   209.00    30.20    21.76
 2011.00    10.00    15.00     7.00   210.00    30.16    21.21
 2011.00    10.00    16.00     7.00   211.00    30.23    19.99
 2011.00    10.00    17.00     7.00   212.00    28.52    20.60
 2011.00    10.00    18.00     7.00   213.00    28.90    21.93
 2011.00    10.00    19.00     7.00   214.00    30.30    21.66
 2011.00    10.00    20.00     7.00   215.00    29.55    22.10
 2011.00    10.00    21.00     7.00   216.00    27.19    21.11
 2011.00    10.00    22.00     7.00   217.00    26.40    21.42
 2011.00    10.00    23.00     7.00   218.00    29.31    19.95
 2011.00    10.00    24.00     7.00   219.00    29.28    21.21
 2011.00    10.00    25.00     7.00   220.00    29.82    21.08
 2011.00    10.00    26.00     7.00   221.00    30.64    21.38
 2011.00    10.00    27.00     7.00   222.00    29.99    20.39
 2011.00    10.00    28.00     7.00   223.00    30.98    21.93
 2011.00    10.00    29.00     7.00   224.00    30.40    22.51
 2011.00    10.00    30.00     7.00   225.00    26.06    21.52
 2011.00    10.00    31.00     7.00   226.00    28.05    20.83
 2011.00    11.00     1.00     7.00   227.00    29.24    20.97
 2011.00    11.00     2.00     7.00   228.00    29.28    21.45
 2011.00    11.00     3.00     7.00   229.00    29.79    21.76
 2011.00    11.00     4.00     7.00   230.00    30.10    21.25
 2011.00    11.00     5.00     7.00   231.00    29.10    20.98
 2011.00    11.00     6.00     7.00   232.00    30.75    22.88
 2011.00    11.00     7.00     7.00   233.00    31.39    20.60
 2011.00    11.00     8.00     7.00   234.00    31.19    20.25
 2011.00    11.00     9.00     7.00   235.00    30.88    21.39
 2011.00    11.00    10.00     7.00   236.00    30.64    20.36
 2011.00    11.00    11.00     7.00   237.00    27.33    21.28
 2011.00    11.00    12.00     7.00   238.00    31.74    21.42
 2011.00    11.00    13.00     7.00   239.00    25.82    21.11
 2011.00    11.00    14.00     7.00   240.00    28.18    20.60
 2011.00    11.00    15.00     7.00   241.00    26.13    20.63
 2011.00    11.00    16.00     7.00   242.00    30.27    23.43
 2011.00    11.00    17.00     7.00   243.00    31.22    21.72
 2011.00    11.00    18.00     7.00   244.00    30.75    21.22
 2011.00    11.00    19.00     7.00   245.00    30.61    20.57
 2011.00    11.00    20.00     7.00   246.00    30.85    21.22
 2011.00    11.00    21.00     7.00   247.00    29.24    21.90
 2011.00    11.00    22.00     7.00   248.00    25.04    20.94
 2011.00    11.00    23.00     7.00   249.00    29.04    20.90
 2011.00    11.00    24.00     7.00   250.00    27.94    21.93
 2011.00    11.00    25.00     7.00   251.00    24.39    22.51
 2011.00    11.00    26.00     7.00   252.00    26.44    22.06
 2011.00    11.00    27.00     7.00   253.00    27.77    22.85
 2011.00    11.00    28.00     7.00   254.00    30.85    23.02
 2011.00    11.00    29.00     7.00   255.00    29.58    18.86
 2011.00    11.00    30.00     7.00   256.00    23.47    19.99
 2011.00    12.00     1.00     7.00   257.00    25.69    20.16
 2011.00    12.00     2.00     7.00   258.00    22.95    19.75
 2011.00    12.00     3.00     7.00   259.00    25.17    20.16
 2011.00    12.00     4.00     7.00   260.00    28.18    20.43
 2011.00    12.00     5.00     7.00   261.00    29.65    21.55
 2011.00    12.00     6.00     7.00   262.00    29.48    20.67
 2011.00    12.00     7.00     7.00   263.00    29.69    21.05
 2011.00    12.00     8.00     7.00   264.00    27.02    21.97
 2011.00    12.00     9.00     7.00   265.00    28.25    21.80
 2011.00    12.00    10.00     7.00   266.00    29.07    20.67
 2011.00    12.00    11.00     7.00   267.00    27.64    23.09
 2011.00    12.00    12.00     7.00   268.00    27.60    20.84
 2011.00    12.00    13.00     7.00   269.00    25.58    20.49
 2011.00    12.00    14.00     7.00   270.00    26.58    20.39
 2011.00    12.00    15.00     7.00   271.00    26.61    20.01
 2011.00    12.00    16.00     7.00   272.00    24.01    20.29
 2011.00    12.00    17.00     7.00   273.00    24.76    19.78
 2011.00    12.00    18.00     7.00   274.00    22.54    14.35
 2011.00    12.00    19.00     7.00   275.00    27.67    18.72
 2011.00    12.00    20.00     7.00   276.00    24.52    17.29
 2011.00    12.00    21.00     7.00   277.00    26.68    19.78
 2011.00    12.00    22.00     7.00   278.00    28.87    19.92
 2011.00    12.00    23.00     7.00   279.00    24.49    19.33
 2011.00    12.00    24.00     7.00   280.00    27.22    20.46
 2011.00    12.00    25.00     7.00   281.00    27.94    19.51
 2011.00    12.00    26.00     7.00   282.00    25.55    19.24
 2011.00    12.00    27.00     7.00   283.00    28.15    20.02
 2011.00    12.00    28.00     7.00   284.00    28.18    19.65
 2011.00    12.00    29.00     7.00   285.00    26.30    19.92
 2011.00    12.00    30.00     7.00   286.00    28.76    20.23
 2011.00    12.00    31.00     7.00   287.00    27.70    18.72
 2012.00     1.00     1.00     7.00   288.00    27.67    20.30
 2012.00     1.00     2.00     7.00   289.00    27.26    20.88
 2012.00     1.00     3.00     7.00   290.00    28.87    19.92
 2012.00     1.00     4.00     7.00   291.00    28.25    18.93
 2012.00     1.00     5.00     7.00   292.00    23.94    12.88
 2012.00     1.00     6.00     7.00   293.00    90.60    15.41
 2012.00     1.00     7.00     7.00   294.00    24.18   -40.00
 2012.00     1.00     8.00     7.00   295.00    29.58    20.91
 2012.00     1.00     9.00     7.00   296.00    29.31    19.68
 2012.00     1.00    10.00     7.00   297.00    28.08    19.27
 2012.00     1.00    11.00     7.00   298.00    28.32    19.89
 2012.00     1.00    12.00     7.00   299.00    29.17    20.16
 2012.00     1.00    13.00     7.00   300.00    29.38    20.57
 2012.00     1.00    14.00     7.00   301.00    29.69    19.85
 2012.00     1.00    15.00     7.00   302.00    27.26    21.46
 2012.00     1.00    16.00     7.00   303.00    30.20    21.66
 2012.00     1.00    17.00     7.00   304.00    29.96    20.33
 2012.00     1.00    18.00     7.00   305.00    29.65    19.48
 2012.00     1.00    19.00     7.00   306.00    29.00    19.75
 2012.00     1.00    20.00     7.00   307.00    27.36    18.93
 2012.00     1.00    21.00     7.00   308.00    28.32    18.45
 2012.00     1.00    22.00     7.00   309.00    28.93    18.59
 2012.00     1.00    23.00     7.00   310.00    28.66    19.68
 2012.00     1.00    24.00     7.00   311.00    28.56    20.16
 2012.00     1.00    25.00     7.00   312.00    29.38    20.57
 2012.00     1.00    26.00     7.00   313.00    28.73    20.71
 2012.00     1.00    27.00     7.00   314.00    26.99    21.19
 2012.00     1.00    28.00     7.00   315.00    29.69    18.90
 2012.00     1.00    29.00     7.00   316.00    28.35    19.41
 2012.00     1.00    30.00     7.00   317.00    26.03    21.12
 2012.00     1.00    31.00     7.00   318.00    27.26    20.64
 2012.00     2.00     1.00     7.00   319.00    30.03    19.44
 2012.00     2.00     2.00     7.00   320.00    29.41    20.43
 2012.00     2.00     3.00     7.00   321.00    29.45    20.64
 2012.00     2.00     4.00     7.00   322.00    29.69    20.30
 2012.00     2.00     5.00     7.00   323.00    28.59    21.43
 2012.00     2.00     6.00     7.00   324.00    29.79    21.84
 2012.00     2.00     7.00     7.00   325.00    29.31    21.66
 2012.00     2.00     8.00     7.00   326.00    29.86    22.76
 2012.00     2.00     9.00     7.00   327.00    28.56    21.94
 2012.00     2.00    10.00     7.00   328.00    29.14    19.82
 2012.00     2.00    11.00     7.00   329.00    28.76    20.13
 2012.00     2.00    12.00     7.00   330.00    29.31    21.39
 2012.00     2.00    13.00     7.00   331.00    29.07    19.75
 2012.00     2.00    14.00     7.00   332.00    29.41    20.30
 2012.00     2.00    15.00     7.00   333.00    29.38    18.86
 2012.00     2.00    16.00     7.00   334.00    29.48    20.16
 2012.00     2.00    17.00     7.00   335.00    29.38    20.37
 2012.00     2.00    18.00     7.00   336.00    28.87    18.73
 2012.00     2.00    19.00     7.00   337.00    29.45    20.09
 2012.00     2.00    20.00     7.00   338.00    28.63    21.39
 2012.00     2.00    21.00     7.00   339.00    27.43    18.73
 2012.00     2.00    22.00     7.00   340.00    28.97    21.32
 2012.00     2.00    23.00     7.00   341.00    29.99    20.50
 2012.00     2.00    24.00     7.00   342.00    29.41    19.85
 2012.00     2.00    25.00     7.00   343.00    28.94    20.74
 2012.00     2.00    26.00     7.00   344.00    29.38    22.90
 2012.00     2.00    27.00     7.00   345.00    29.38    20.67
 2012.00     2.00    28.00     7.00   346.00    29.00    19.75
 2012.00     2.00    29.00     7.00   347.00    28.59    20.98
 2012.00     3.00     1.00     7.00   348.00    28.76    19.96
 2012.00     3.00     2.00     7.00   349.00    28.90    18.19
 2012.00     3.00     3.00     7.00   350.00    29.24    19.82
 2012.00     3.00     4.00     7.00   351.00    29.18    21.39
 2012.00     3.00     5.00     7.00   352.00    31.63    23.72
 2012.00     3.00     6.00     7.00   353.00    29.38    21.80
 2012.00     3.00     7.00     7.00   354.00    28.49    20.78
 2012.00     3.00     8.00     7.00   355.00    29.38    21.39
 2012.00     3.00     9.00     7.00   356.00    28.83    20.57
 2012.00     3.00    10.00     7.00   357.00    29.38    21.66
 2012.00     3.00    11.00     7.00   358.00    29.07    21.39
 2012.00     3.00    12.00     7.00   359.00    29.99    21.66
 2012.00     3.00    13.00     7.00   360.00    29.72    21.94
 2012.00     3.00    14.00     7.00   361.00    27.64    21.94
 2012.00     3.00    15.00     7.00   362.00    27.91    21.39
 2012.00     3.00    16.00     7.00   363.00    28.97    22.11
 2012.00     3.00    17.00     7.00   364.00    29.58    22.01
 2012.00     3.00    18.00     7.00   365.00    29.04    22.04
 2012.00     3.00    19.00     7.00   366.00    24.90    19.85
 2012.00     3.00    20.00     7.00   367.00    28.59    19.58
 2012.00     3.00    21.00     7.00   368.00    29.04    22.49
 2012.00     3.00    22.00     7.00   369.00    29.51    22.21
 2012.00     3.00    23.00     7.00   370.00    27.33    21.32
 2012.00     3.00    24.00     7.00   371.00    28.01    21.66
 2012.00     3.00    25.00     7.00   372.00    28.49    20.78
 2012.00     3.00    26.00     7.00   373.00    28.49    20.02
 2012.00     3.00    27.00     7.00   374.00    28.59    20.02
 2012.00     3.00    28.00     7.00   375.00    28.97    22.18
 2012.00     3.00    29.00     7.00   376.00    28.90    21.08
 2012.00     3.00    30.00     7.00   377.00    29.45    22.42
 2012.00     3.00    31.00     7.00   378.00    29.38    21.60
 2012.00     4.00     1.00     7.00   379.00    29.86    21.39
 2012.00     4.00     2.00     7.00   380.00    29.65    23.85
 2012.00     4.00     3.00     7.00   381.00    29.72    23.65
 2012.00     4.00     4.00     7.00   382.00    31.09    23.10
 2012.00     4.00     5.00     7.00   383.00    30.30    23.17
 2012.00     4.00     6.00     7.00   384.00    29.69    23.65
 2012.00     4.00     7.00     7.00   385.00    29.93    22.49
 2012.00     4.00     8.00     7.00   386.00    30.30    23.51
 2012.00     4.00     9.00     7.00   387.00    29.69    20.47
 2012.00     4.00    10.00     7.00   388.00    29.38    21.12
 2012.00     4.00    11.00     7.00   389.00    29.82    22.55
 2012.00     4.00    12.00     7.00   390.00    29.39    20.84
 2012.00     4.00    13.00     7.00   391.00    29.63    19.48
 2012.00     4.00    14.00     7.00   392.00    29.45    20.85
 2012.00     4.00    15.00     7.00   393.00    29.73    21.19
 2012.00     4.00    16.00     7.00   394.00    29.39    21.43
 2012.00     4.00    17.00     7.00   395.00    30.75    23.31
 2012.00     4.00    18.00     7.00   396.00    28.69    23.37
 2012.00     4.00    19.00     7.00   397.00    29.52    22.01
 2012.00     4.00    20.00     7.00   398.00    30.47    22.49
 2012.00     4.00    21.00     7.00   399.00    29.11    23.17
 2012.00     4.00    22.00     7.00   400.00    29.69    22.69
 2012.00     4.00    23.00     7.00   401.00    30.57    23.10
 2012.00     4.00    24.00     7.00   402.00    24.91    21.39
 2012.00     4.00    25.00     7.00   403.00    24.64    21.36
 2012.00     4.00    26.00     7.00   404.00    28.22    22.21
 2012.00     4.00    27.00     7.00   405.00    30.61    24.40
 2012.00     4.00    28.00     7.00   406.00    29.17    22.76
 2012.00     4.00    29.00     7.00   407.00    29.72    21.87
 2012.00     4.00    30.00     7.00   408.00    30.06    21.94
 2012.00     5.00     1.00     7.00   409.00    30.41    22.49
 2012.00     5.00     2.00     7.00   410.00    30.17    23.44
 2012.00     5.00     3.00     7.00   411.00    30.48    23.03
 2012.00     5.00     4.00     7.00   412.00    30.24    23.10
 2012.00     5.00     5.00     7.00   413.00    29.69    21.94
 2012.00     5.00     6.00     7.00   414.00    30.11    22.49
 2012.00     5.00     7.00     7.00   415.00    30.28    22.14
 2012.00     5.00     8.00     7.00   416.00    30.86    22.21
 2012.00     5.00     9.00     7.00   417.00    30.62    22.45
 2012.00     5.00    10.00     7.00   418.00    30.48    22.69
 2012.00     5.00    11.00     7.00   419.00    30.28    23.14
 2012.00     5.00    12.00     7.00   420.00    30.89    22.90
 2012.00     5.00    13.00     7.00   421.00    31.20    23.11
 2012.00     5.00    14.00     7.00   422.00    31.58    23.92
 2012.00     5.00    15.00     7.00   423.00    30.18    23.65
 2012.00     5.00    16.00     7.00   424.00    29.73    23.92
 2012.00     5.00    17.00     7.00   425.00    30.20    22.80
 2012.00     5.00    18.00     7.00   426.00    30.93    23.41
 2012.00     5.00    19.00     7.00   427.00    30.86    22.69
 2012.00     5.00    20.00     7.00   428.00    31.85    23.92
 2012.00     5.00    21.00     7.00   429.00    31.44    23.04
 2012.00     5.00    22.00     7.00   430.00    30.24    23.04
 2012.00     5.00    23.00     7.00   431.00    30.48    23.38
 2012.00     5.00    24.00     7.00   432.00    30.59    24.23
 2012.00     5.00    25.00     7.00   433.00    30.97    23.10
 2012.00     5.00    26.00     7.00   434.00    31.41    22.90
 2012.00     5.00    27.00     7.00   435.00    31.46    21.54
 2012.00     5.00    28.00     7.00   436.00    31.58    23.69
 2012.00     5.00    29.00     7.00   437.00    30.89    24.54
 2012.00     5.00    30.00     7.00   438.00    31.24    24.13
 2012.00     5.00    31.00     7.00   439.00    29.31    22.49
 2012.00     6.00     1.00     7.00   440.00    30.69    23.31
 2012.00     6.00     2.00     7.00   441.00    30.35    24.54
 2012.00     6.00     3.00     7.00   442.00    30.28    23.37
 2012.00     6.00     4.00     7.00   443.00    31.24    23.65
 2012.00     6.00     5.00     7.00   444.00    30.89    24.03
 2012.00     6.00     6.00     7.00   445.00    31.43    23.31
 2012.00     6.00     7.00     7.00   446.00    30.55    23.38
 2012.00     6.00     8.00     7.00   447.00    31.44    23.93
 2012.00     6.00     9.00     7.00   448.00    31.85    24.06
 2012.00     6.00    10.00     7.00   449.00    29.79    22.01
 2012.00     6.00    11.00     7.00   450.00    31.50    23.17
 2012.00     6.00    12.00     7.00   451.00    26.72    23.03
 2012.00     6.00    13.00     7.00   452.00    26.25    21.63
 2012.00     6.00    14.00     7.00   453.00    30.54    21.60
 2012.00     6.00    15.00     7.00   454.00    29.79    23.31
 2012.00     6.00    16.00     7.00   455.00    31.40    22.90
 2012.00     6.00    17.00     7.00   456.00    26.72    22.42
 2012.00     6.00    18.00     7.00   457.00    31.02    22.76
 2012.00     6.00    19.00     7.00   458.00    29.69    23.17
 2012.00     6.00    20.00     7.00   459.00    30.76    24.33
 2012.00     6.00    21.00     7.00   460.00    31.03    23.79
 2012.00     6.00    22.00     7.00   461.00    31.03    22.56
